export interface Object {
	id: string;
	edges?: boolean[];
	confidence: 'high' | 'medium' | 'low';
	transform: number[];
	category: 'wall' | 'window' | 'television' | 'storage' | 'oven' | 'refrigirator' | 'table' | 'sofa' | 'stove';
	scale: {
		x: number;
		y: number;
		z: number;
	};
}

export interface Room {
	surfaces: Object[];
	objects: Object[];
}

export const roomData: Room = {
	surfaces: [
		{
			id: 'FFBCD3B0-75DE-49F8-A881-FE0DD30B5C4B',
			edges: [false, false, false, false],
			confidence: 'high',
			transform: [
				0.98239481449127197, 0, 0.1868165135383606, 0, 0, 0.99999994039535522, 0, 0, -0.18681652843952179, 0,
				0.98239481449127197, 0, 0.18187649548053741, -0.57077431678771973, -2.3306221961975098, 0.99999994039535522,
			],
			category: 'wall',
			scale: {
				x: 6.9851946830749512,
				y: 2.3117663860321045,
				z: 0,
			},
		},
		{
			id: '0E3DC1D1-0FDD-42D3-85DB-5BD9E083EC8C',
			edges: [false, false, false, false],
			confidence: 'high',
			transform: [
				-0.18681648373603821, 0, 0.98239487409591675, 0, 0, 0.99999994039535522, 0, 0, -0.98239481449127197, 0,
				-0.18681646883487701, 0, 2.2711522579193115, -0.57077431678771973, 2.4582095146179199, 0.99999994039535522,
			],
			category: 'wall',
			scale: {
				x: 2.8787920475006104,
				y: 2.3117663860321045,
				z: 0,
			},
		},
		{
			id: '02242FB1-8F3D-46EE-BE63-1943ADD34EA3',
			edges: [false, false, false, false],
			confidence: 'high',
			transform: [
				-0.98239469528198242, 0, -0.1868167370557785, 0, 0, 0.99999994039535522, 0, 0, 0.1868167519569397, 0,
				-0.98239469528198242, 0, 0.72104096412658691, -0.57077431678771973, 3.6286242008209229, 0.99999994039535522,
			],
			category: 'wall',
			scale: {
				x: 2.60833740234375,
				y: 2.3117663860321045,
				z: 0,
			},
		},
		{
			id: '213907D3-AF24-41DE-90CF-A2FF8BD7E644',
			edges: [false, false, false, false],
			confidence: 'high',
			transform: [
				-0.98239481449127197, 0, -0.1868164986371994, 0, 0, 0.99999994039535522, 0, 0, 0.1868165135383606, 0,
				-0.98239481449127197, 0, -2.5778641700744629, -0.57077431678771973, 0.32308119535446167, 0.99999994039535522,
			],
			category: 'wall',
			scale: {
				x: 2.554396390914917,
				y: 2.3117663860321045,
				z: 0,
			},
		},
		{
			id: '49925F33-BCB5-4F66-BB63-ED3CFF5D7A38',
			edges: [false, false, false, false],
			confidence: 'high',
			transform: [
				0.18681666254997253, 0, -0.98239481449127197, 0, 0, 0.99999994039535522, 0, 0, 0.98239481449127197, 0,
				0.18681667745113373, 0, -3.5409047603607178, -0.57077431678771973, -1.4493086338043213, 0.99999994039535522,
			],
			category: 'wall',
			scale: {
				x: 3.1225497722625732,
				y: 2.3117663860321045,
				z: 0,
			},
		},
		{
			id: '7923151D-5037-4435-AC6D-0300FC133CBE',
			edges: [false, false, false, false],
			confidence: 'high',
			transform: [
				-0.18681648373603821, 0, 0.98239487409591675, 0, 0, 0.99999994039535522, 0, 0, -0.98239481449127197, 0,
				-0.18681646883487701, 0, 3.341421365737915, -0.57077431678771973, -0.25009703636169434, 0.99999994039535522,
			],
			category: 'wall',
			scale: {
				x: 2.9072840213775635,
				y: 2.3117663860321045,
				z: 0,
			},
		},
		{
			id: '5FDA9CCE-FECE-4591-AE06-87FB8580FEDC',
			edges: [false, false, false, false],
			confidence: 'high',
			transform: [
				0.18681661784648895, 0, -0.98239469528198242, 0, 0, 0.99999994039535522, 0, 0, 0.98239469528198242, 0,
				0.18681660294532776, 0, -0.027125880122184753, -0.57077431678771973, 1.3900318145751953, 0.99999994039535522,
			],
			category: 'wall',
			scale: {
				x: 0.88282871246337891,
				y: 2.3117663860321045,
				z: 0,
			},
		},
		{
			id: 'E9CF5572-FB0E-47D0-8281-9D0F41BF2EF2',
			edges: [false, false, false, false],
			confidence: 'high',
			transform: [
				0.96955907344818115, 0, 0.24485751986503601, 0, 0, 0.99999994039535522, 0, 0, -0.24485750496387482, 0,
				0.96955907344818115, 0, 2.8049559593200684, -0.57077431678771973, 1.1110537052154541, 0.99999994039535522,
			],
			category: 'wall',
			scale: {
				x: 0.5464361310005188,
				y: 2.3117663860321045,
				z: 0,
			},
		},
		{
			id: '8BA616E6-3365-4455-A382-C5951614F8C6',
			edges: [false, false, false, false],
			confidence: 'high',
			transform: [
				-0.9823947548866272, 0, -0.18681654334068298, 0, 0, 0.99999994039535522, 0, 0, 0.18681655824184418, 0,
				-0.9823947548866272, 0, 1.8612122535705566, -0.57077431678771973, 0.9150625467300415, 0.99999994039535522,
			],
			category: 'wall',
			scale: {
				x: 1.3820161819458008,
				y: 2.3117663860321045,
				z: 0,
			},
		},
		{
			id: 'C57305D8-039C-4493-9830-76081C62E45F',
			edges: [false, false, false, false],
			confidence: 'medium',
			transform: [
				-0.18681645393371582, 0, 0.98239481449127197, 0, 0, 0.99999988079071045, 0, 0, -0.98239481449127197, 0,
				-0.18681646883487701, 0, 3.2195813655853271, -0.017083413898944855, 0.39061307907104492, 0.99999994039535522,
			],
			category: 'window',
			scale: {
				x: 1.5899206399917603,
				y: 0.97633087635040283,
				z: 0,
			},
		},
	],
	objects: [
		{
			id: 'A611BF88-877E-40B8-9C03-6B1C6640EF1D',
			confidence: 'medium',
			transform: [
				-0.98239481449127197, 0, -0.18681679666042328, 0, 0, 0.99999988079071045, 0, 0, 0.18681676685810089, 0,
				-0.9823947548866272, 0, -0.098035246133804321, -1.3048629760742188, 3.1336774826049805, 0.99999994039535522,
			],
			category: 'storage',
			scale: {
				x: 0.35457637906074524,
				y: 0.84358930587768555,
				z: 0.6664307713508606,
			},
		},
		{
			id: '5B03F00D-B2FC-42F6-9FA2-B281125C1BDD',
			confidence: 'medium',
			transform: [
				-0.98239469528198242, 0, -0.18681657314300537, 0, 0, 0.99999994039535522, 0, 0, 0.18681658804416656, 0,
				-0.9823947548866272, 0, 0.41120004653930664, -1.3072628974914551, 3.2234663963317871, 0.99999994039535522,
			],
			category: 'oven',
			scale: {
				x: 0.67988365888595581,
				y: 0.83878928422927856,
				z: 0.6802821159362793,
			},
		},
		{
			id: '4B701E86-A157-4D9B-BABB-5947F8C94F2A',
			confidence: 'medium',
			transform: [
				0.18681664764881134, 0, -0.98239481449127197, 0, 0, 0.99999994039535522, 0, 0, 0.98239481449127197, 0,
				0.18681666254997253, 0, -0.22226868569850922, -0.94757604598999023, 2.2234227657318115, 0.99999994039535522,
			],
			category: 'refrigirator',
			scale: {
				x: 0.69141304492950439,
				y: 1.558163046836853,
				z: 0.63786059617996216,
			},
		},
		{
			id: 'CA3E53DC-9F69-43AC-9D39-80F1ACFBC361',
			confidence: 'high',
			transform: [
				-0.9823947548866272, 0, -0.18681631982326508, 0, 0, 0.99999994039535522, 0, 0, 0.18681633472442627, 0,
				-0.9823947548866272, 0, 1.4668656587600708, -1.3245874643325806, -0.76787149906158447, 0.99999994039535522,
			],
			category: 'table',
			scale: {
				x: 1.739210844039917,
				y: 0.80413985252380371,
				z: 0.98937267065048218,
			},
		},
		{
			id: '8FC96F84-3F49-49E3-B1B6-D89B963D3EAF',
			confidence: 'high',
			transform: [
				0.98239487409591675, 0, 0.18681624531745911, 0, 0, 0.99999994039535522, 0, 0, -0.1868162602186203, 0,
				0.98239487409591675, 0, 0.069377198815345764, -0.67511111497879028, -2.1255874633789062, 0.99999994039535522,
			],
			category: 'storage',
			scale: {
				x: 0.96601694822311401,
				y: 2.1030929088592529,
				z: 0.4448828399181366,
			},
		},
		{
			id: 'A1E8CB20-056A-492A-9801-0D3EF343A0C1',
			confidence: 'medium',
			transform: [
				-0.18681645393371582, 0, 0.98239469528198242, 0, 0, 0.99999988079071045, 0, 0, -0.98239463567733765, 0,
				-0.18681643903255463, 0, 1.9691064357757568, -1.3048629760742188, 2.3388614654541016, 0.99999994039535522,
			],
			category: 'storage',
			scale: {
				x: 1.6244953870773315,
				y: 0.84358930587768555,
				z: 0.63804948329925537,
			},
		},
		{
			id: '493D43E4-E134-44DC-A472-9016ED73A38E',
			confidence: 'medium',
			transform: [
				-0.98239469528198242, 0, -0.18681670725345612, 0, 0, 0.99999994039535522, 0, 0, 0.18681672215461731, 0,
				-0.9823947548866272, 0, 0.52626293897628784, -0.004994342103600502, 3.4012868404388428, 0.99999994039535522,
			],
			category: 'storage',
			scale: {
				x: 1.5177015066146851,
				y: 0.76285934448242188,
				z: 0.37389263510704041,
			},
		},
		{
			id: '10EFD6A5-D329-4020-B350-D1BD2833F050',
			confidence: 'medium',
			transform: [
				0.18681682646274567, 0, -0.98239481449127197, 0, 0, 0.99999994039535522, 0, 0, 0.98239481449127197, 0,
				0.18681684136390686, 0, -0.33572542667388916, -0.004994342103600502, 2.3867428302764893, 0.99999994039535522,
			],
			category: 'storage',
			scale: {
				x: 2.0451912879943848,
				y: 0.76285934448242188,
				z: 0.4511885941028595,
			},
		},
		{
			id: 'D688E44A-1C6D-4C38-8709-133B11DD8C83',
			confidence: 'high',
			transform: [
				0.18681648373603821, 0, -0.98239487409591675, 0, 0, 0.99999988079071045, 0, 0, 0.9823947548866272, 0,
				0.18681646883487701, 0, -1.9679114818572998, -1.5012937784194946, -1.4789329767227173, 0.99999994039535522,
			],
			category: 'table',
			scale: {
				x: 1.3910540342330933,
				y: 0.45072758197784424,
				z: 1.1237914562225342,
			},
		},
		{
			id: 'B2934016-7BB2-46DD-A1F4-5D4D5B644BF9',
			confidence: 'high',
			transform: [
				0.18681639432907104, 0, -0.98239487409591675, 0, 0, 0.99999994039535522, 0, 0, 0.98239487409591675, 0,
				0.18681637942790985, 0, -2.9442641735076904, -1.2770272493362427, -1.5983296632766724, 0.99999994039535522,
			],
			category: 'sofa',
			scale: {
				x: 2.606830358505249,
				y: 0.89926028251647949,
				z: 1.1165947914123535,
			},
		},
		{
			id: '6EB2380F-4336-4101-9F59-CC0BA89D56C3',
			confidence: 'low',
			transform: [
				0.98239487409591675, 0, 0.18681614100933075, 0, 0, 0.99999988079071045, 0, 0, -0.18681615591049194, 0,
				0.98239481449127197, 0, 2.0193963050842285, -0.37325331568717957, -1.8198088407516479, 0.99999994039535522,
			],
			category: 'storage',
			scale: {
				x: 1.0378327369689941,
				y: 0.68053817749023438,
				z: 0.31708139181137085,
			},
		},
		{
			id: '94CAF0AE-FA55-47EF-A4D9-DAEBB8E50F8E',
			confidence: 'medium',
			transform: [
				-0.98239481449127197, 0, -0.18681654334068298, 0, 0, 0.99999994039535522, 0, 0, 0.18681655824184418, 0,
				-0.98239481449127197, 0, -2.0515463352203369, -0.92900991439819336, 0.21600310504436493, 0.99999994039535522,
			],
			category: 'television',
			scale: {
				x: 0.96937775611877441,
				y: 0.60957133769989014,
				z: 0.099999867379665375,
			},
		},
		{
			id: '29B13F89-0184-45FA-8DEA-28127B7BA4E0',
			confidence: 'medium',
			transform: [
				-0.9823947548866272, 0, -0.1868169754743576, 0, 0, 0.99999988079071045, 0, 0, 0.18681696057319641, 0,
				-0.98239469528198242, 0, 1.4077427387237549, -1.3048629760742188, 3.3996808528900146, 0.99999994039535522,
			],
			category: 'storage',
			scale: {
				x: 1.3446526527404785,
				y: 0.84358930587768555,
				z: 0.70640105009078979,
			},
		},
		{
			id: 'F84C93BF-1F69-4E8E-B580-DEC7106944EC',
			confidence: 'medium',
			transform: [
				-0.98239469528198242, 0, -0.18681657314300537, 0, 0, 0.99999988079071045, 0, 0, 0.18681658804416656, 0,
				-0.98239463567733765, 0, 0.41120004653930664, -0.8378680944442749, 3.2234663963317871, 0.99999994039535522,
			],
			category: 'stove',
			scale: {
				x: 0.67988365888595581,
				y: 0.10000002384185791,
				z: 0.6802821159362793,
			},
		},
	],
};
